1.000000 0.562459 0.552752 0.555375 0.543383 0.602232 0.508518
0.562459 1.000000 0.596223 0.566893 0.603390 0.501465 0.632322
0.552752 0.596223 1.000000 0.627918 0.583969 0.626327 0.629509
0.555375 0.566893 0.627918 1.000000 0.544775 0.694433 0.694433
0.543383 0.603390 0.583969 0.544775 1.000000 0.489803 0.599748
0.602232 0.501465 0.626327 0.694433 0.489803 1.000000 0.488865
0.508518 0.632322 0.629509 0.694433 0.599748 0.488865 1.000000
